50
1 19
1 39
1 48
2 0
2 12
2 16
2 45
3 16
5 30
5 41
5 42
5 43
5 44
6 25
9 29
9 35
9 40
10 6
10 32
10 37
10 44
11 45
11 47
12 33
12 39
13 5
13 31
14 26
14 32
15 21
15 22
15 24
16 0
16 39
17 7
17 26
18 26
18 33
19 10
19 13
19 20
19 30
19 41
25 11
25 27
25 41
27 2
27 46
28 40
29 6
30 18
31 25
31 35
31 40
31 42
32 11
32 19
32 23
33 1
34 14
34 15
34 25
34 48
35 20
36 33
37 7
37 23
37 24
37 34
39 27
39 29
39 31
39 36
41 4
41 15
41 20
41 21
41 44
42 21
44 24
45 1
45 4
46 2
46 15
46 23
47 5
48 18
48 41
49 17
49 46
