51
0 8
0 27
1 0
1 13
1 27
4 5
4 23
4 32
5 6
5 40
6 28
6 34
6 50
7 20
7 36
7 41
8 33
8 39
9 4
9 41
10 0
10 11
10 22
10 37
11 38
12 26
12 28
12 46
13 2
14 50
15 17
15 35
16 31
16 34
16 46
17 19
18 19
19 3
19 41
20 1
20 11
21 1
21 13
21 18
21 19
21 25
22 0
22 6
22 32
23 2
23 32
24 16
25 39
26 5
26 8
27 36
28 23
28 48
29 2
29 50
30 26
30 47
30 48
31 23
31 47
32 0
32 5
32 19
32 21
32 28
32 42
32 50
33 1
35 33
36 6
36 29
36 43
37 21
37 34
38 29
38 39
38 47
39 29
40 22
40 28
42 17
42 37
42 40
42 45
43 3
43 40
44 13
44 22
44 36
45 3
45 7
45 28
45 36
47 0
47 36
47 46
48 8
48 25
48 34
49 36
50 25
50 28
50 30