42
0 5
0 14
0 19
0 25
0 41
1 4
1 26
1 37
2 11
2 13
2 28
3 16
3 20
3 25
3 27
4 9
4 11
4 25
4 34
5 6
5 9
5 12
5 15
5 33
6 14
6 32
7 2
7 3
7 8
7 18
8 17
9 7
9 17
9 18
10 21
10 27
10 39
11 33
11 35
12 0
12 10
12 16
12 19
12 20
12 36
12 39
13 26
13 31
13 40
14 7
14 36
15 6
15 7
15 8
15 10
15 25
15 31
16 15
16 17
16 30
17 26
18 0
19 20
20 0
20 17
20 31
21 2
21 7
21 8
21 13
21 16
21 20
21 35
21 36
22 16
22 20
22 21
22 23
22 40
23 17
23 18
23 26
23 30
23 40
24 2
24 3
24 8
24 29
25 1
25 9
25 11
25 13
25 19
25 39
26 9
26 35
26 39
26 41
27 7
27 19
27 20
27 24
27 28
27 36
28 4
28 10
28 16
28 23
28 26
29 0
29 2
29 5
29 6
29 11
29 21
29 25
29 26
29 34
30 11
30 20
30 39
31 17
31 24
31 35
32 14
32 37
33 29
33 37
33 41
35 17
35 24
35 40
36 3
36 6
36 35
37 2
38 10
38 12
38 18
38 23
38 26
38 39
39 2
39 11
39 32
40 6
40 7
40 20
40 34
41 9
41 35