41
0 9
1 16
1 27
1 34
2 5
2 9
2 30
2 37
2 40
3 26
3 40
4 8
4 28
5 9
5 11
5 25
5 31
5 32
6 16
6 35
6 36
6 39
6 40
7 9
7 38
8 5
8 13
8 36
9 12
9 28
11 7
11 18
11 31
12 2
12 11
12 16
12 26
13 5
13 10
13 15
13 40
14 8
14 12
14 23
14 27
14 32
14 34
15 10
15 14
15 33
16 8
16 11
16 13
16 26
16 39
17 4
17 20
17 24
17 35
18 3
18 12
18 15
18 35
19 8
19 20
21 18
21 39
22 0
22 3
22 38
23 25
23 32
24 13
24 20
24 28
24 35
25 1
25 2
25 15
25 21
26 6
26 7
26 20
26 24
26 36
26 38
27 3
27 4
27 16
27 29
28 31
28 35
28 40
29 9
29 11
29 20
30 17
30 25
30 27
30 28
30 40
31 16
31 21
31 25
32 17
32 19
32 26
33 9
33 14
33 20
34 0
34 9
34 10
34 30
34 31
35 0
35 11
35 13
35 23
35 25
35 33
35 36
36 13
36 31
36 39
40 4
40 10
40 14
40 25
40 27
